run:
  name: iteration_115
  data_dir: /restricteddata/ukaea/gyrokinetics/raw/iteration_115
solver:
  dt: 0.01
  naverage: 40
  n_steps: 400
  dump_interval: 40
  disp_par: 1.0
  disp_vp: 0.2
  disp_x: 0.1
  disp_y: 0.1
  idisp: 2
  non_linear: true
  enable_term_iii: true
physics:
  rlt: 7.212176113343866
  rln: 1.8685940093700866
  mas: 1.0
  tmp: 1.0
  de: 1.0
  signz: 1.0
  vthrat: 1.0
  dgrid: 1.0
  tgrid: 1.0
geometry:
  shat: 1.76543
  q: 5.34535
  eps: 0.19
  kthnorm: 3.69655
  Rref: 100.0
  d2X: 1.0
  signB: 1.0
  dvp: 0.1875
  sgr_dist: 0.0625
  kxmax: 5.0971
  kymax: 0.3787315199307462
grid:
  nvpar: 32
  nmu: 8
  ns: 16
  nkx: 85
  nky: 32
