run:
  name: iteration_200
  data_dir: /restricteddata/ukaea/gyrokinetics/raw/iteration_200
solver:
  dt: 0.01
  naverage: 40
  n_steps: 400
  dump_interval: 3
  disp_par: 1.0
  disp_vp: 0.2
  disp_x: 0.1
  disp_y: 0.1
  idisp: 2
  non_linear: true
  finit: sine
physics:
  rlt: 7.366463312621599
  rln: 1.5940168155580587
  mas: 1.0
  tmp: 1.0
  de: 1.0
  signz: 1.0
  vthrat: 1.0
  dgrid: 1.0
  tgrid: 1.0
geometry:
  shat: 1.67212
  q: 8.98969
  eps: 0.19
  kthnorm: 6.21414
  Rref: 100.0
  d2X: 1.0
  signB: 1.0
  dvp: 0.1875
  sgr_dist: 0.0625
  kxmax: 4.82973
  kymax: 0.22529263904578908
grid:
  nvpar: 32
  nmu: 8
  ns: 16
  nkx: 85
  nky: 32
  adiabatic_electrons: true
