run:
  name: iteration_135
  data_dir: /restricteddata/ukaea/gyrokinetics/raw/iteration_135
solver:
  dt: 0.01
  naverage: 40
  n_steps: 400
  dump_interval: 3
  disp_par: 1.0
  disp_vp: 0.2
  disp_x: 0.1
  disp_y: 0.1
  idisp: 2
  non_linear: true
physics:
  rlt: 9.89495303048062
  rln: 0.5227769270362006
  mas: 1.0
  tmp: 1.0
  de: 1.0
  signz: 1.0
  vthrat: 1.0
  dgrid: 1.0
  tgrid: 1.0
geometry:
  shat: 1.71464
  q: 6.4903
  eps: 0.19
  kthnorm: 4.48738
  Rref: 100.0
  d2X: 1.0
  signB: 1.0
  dvp: 0.1875
  sgr_dist: 0.0625
  kxmax: 4.9515
  kymax: 0.3119860586801207
grid:
  nvpar: 32
  nmu: 8
  ns: 16
  nkx: 85
  nky: 32
