run:
  name: iteration_96
  data_dir: /restricteddata/ukaea/gyrokinetics/raw/iteration_96
solver:
  dt: 0.01
  naverage: 40
  n_steps: 400
  dump_interval: 3
  disp_par: 1.0
  disp_vp: 0.2
  disp_x: 0.1
  disp_y: 0.1
  idisp: 2
  non_linear: true
  adaptive_dt: false
  finit: noise
physics:
  rlt: 8.181651202446734
  rln: 2.2980981728643535
  mas: 1.0
  tmp: 1.0
  de: 1.0
  signz: 1.0
  vthrat: 1.0
  dgrid: 1.0
  tgrid: 1.0
geometry:
  shat: 0.958934
  q: 1.6249
  eps: 0.19
  kthnorm: 1.13089
  Rref: 100.0
  d2X: 1.0
  signB: 1.0
  dvp: 0.1875
  sgr_dist: 0.0625
  kxmax: 2.75098
  kymax: 1.2379630202760656
grid:
  nvpar: 32
  nmu: 8
  ns: 16
  nkx: 85
  nky: 32
  adiabatic_electrons: true
