run:
  name: iteration_120
  data_dir: /restricteddata/ukaea/gyrokinetics/raw/iteration_120
solver:
  dt: 0.01
  naverage: 40
  n_steps: 400
  dump_interval: 3
  disp_par: 1.0
  disp_vp: 0.2
  disp_x: 0.1
  disp_y: 0.1
  idisp: 2
  non_linear: true
  adaptive_dt: false
  finit: noise
physics:
  rlt: 7.673522010647588
  rln: 0.2409017838645926
  mas: 1.0
  tmp: 1.0
  de: 1.0
  signz: 1.0
  vthrat: 1.0
  dgrid: 1.0
  tgrid: 1.0
geometry:
  shat: 1.48846
  q: 6.56945
  eps: 0.19
  kthnorm: 4.54206
  Rref: 100.0
  d2X: 1.0
  signB: 1.0
  dvp: 0.1875
  sgr_dist: 0.0625
  kxmax: 4.29837
  kymax: 0.30823018630313115
grid:
  nvpar: 32
  nmu: 8
  ns: 16
  nkx: 85
  nky: 32
  adiabatic_electrons: true
